0.00000000000 
0.00005800401 
0.00006977069 
0.00008072300 
0.00009084700 
0.00010014260 
0.00010861000 
0.00011624900 
0.00012309280 
0.00012926330 
0.00013478860 
0.00013966800 
0.00014390300 
0.00014749200 
0.00015043500 
0.00015273400 
0.00015438800 
0.00015539500 
0.00015575700 
0.00015547400 
0.00015454600 
0.00015298300 
0.00015113200 
0.00014943200 
0.00014790600 
0.00014655500 
0.00014538100 
0.00014438300 
0.00014355900 
0.00014291100 
0.00014244000 
0.00014214300 
0.00014202200 
0.00014207700 
0.00014230800 
0.00014271400 
0.00014329500 
0.00014405300 
0.00014498500 
0.00014609500 
0.00014737800 
0.00014883800 
0.00015044200 
0.00015198600 
0.00015338600 
0.00015464100 
0.00015575100 
0.00015671700 
0.00015753700 
0.00015821500 
0.00015874600 
0.00015913300 
0.00015937600 
0.00015947400 
0.00015942700 
0.00015923600 
0.00015890000 
0.00015842000 
0.00015779500 
0.00015702500 
0.00015611100 
0.00015505200 
0.00015384900 
0.00015257400 
0.00015136700 
0.00015024400 
0.00014920500 
0.00014825000 
0.00014737800 
0.00014659100 
0.00014588900 
0.00014527000 
0.00014473000 
0.00014428000 
0.00014391000 
0.00014363000 
0.00014343000 
0.00014332000 
0.00014328000 
0.00014333000 
0.00014347000 
0.00014369000 
0.00014399000 
0.00014438000 
0.00014478000 
0.00014518000 
0.00014556000 
0.00014593000 
0.00014630000 
0.00014664000 
0.00014698000 
0.00014730000 
0.00014762000 
0.00014792000 
0.00014821000 
0.00014848000 
0.00014875000 
0.00014900000 
0.00014924000 
0.00014947000 
0.00014969000 
0.00014990000 
0.00015009000 
0.00015027000 
0.00015044000 
0.00015056000 
0.00015065000 
0.00015069000 
0.00015069000 
0.00015066000 
0.00015058000 
0.00015045000 
0.00015029000 
0.00015009000 
0.00014985000 
0.00014956000 
0.00014923000 
0.00014886000 
0.00014846000 
0.00014800000 
0.00014751000 
0.00014698000 
0.00014640000 
0.00014579000 
0.00014513000 
0.00014448000 
0.00014386000 
0.00014328000 
0.00014275000 
0.00014226000 
0.00014180000 
0.00014139000 
0.00014102000 
0.00014068000 
0.00014040000 
0.00014015000 
0.00013993000 
0.00013977000 
0.00013964000 
0.00013956000 
0.00013951000 
0.00013950000 
0.00013954000 
0.00013962000 
0.00013973000 
0.00013988000 
0.00014004000 
0.00014019000 
0.00014032000 
0.00014046000 
0.00014058000 
0.00014070000 
0.00014081000 
0.00014092000 
0.00014101000 
0.00014109000 
0.00014118000 
0.00014125000 
0.00014131000 
0.00014138000 
0.00014142000 
0.00014147000 
0.00014151000 
0.00014153000 
0.00014156000 
0.00014156000 
0.00014157000 
0.00014153000 
0.00014146000 
0.00014136000 
0.00014122000 
0.00014105000 
0.00014085000 
0.00014061000 
0.00014034000 
0.00014004000 
0.00013970000 
0.00013932000 
0.00013893000 
0.00013848000 
0.00013802000 
0.00013751000 
0.00013697000 
0.00013639000 
0.00013579000 
0.00013516000 
0.00013449000 
0.00013390000 
0.00013344000 
0.00013310000 
0.00013288000 
0.00013279000 
0.00013283000 
0.00013299000 
0.00013326000 
0.00013368000 
0.00013420000 
0.00013487000 
0.00013564000 
0.00013654000 
0.00013758000 
0.00013873000 
0.00014000000 
0.00014141000 
0.00014293000 
0.00014458000 
0.00014636000 
0.00014811000 
0.00014951000 
0.00015046000 
0.00015102000 
0.00015113000 
0.00015084000 
0.00015012000 
0.00014899000 
0.00014742000 
0.00014544000 
0.00014304000 
0.00014022000 
0.00013697000 
0.00013331000 
0.00012922000 
0.00012471000 
0.00011979000 
0.00011444000 
0.00010866000 
0.00010248000 
0.00009589000 
0.00008936000 
0.00008326000 
0.00007758000 
0.00007234000 
0.00006752000 
0.00006315000 
0.00005919000 
0.00005566000 
0.00005258000 
0.00004992000 
0.00004769000 
0.00004589000 
0.00004452000 
0.00004359000 
0.00004308000 
0.00004300000 
0.00004336000 
0.00004415000 
0.00004536000 
0.00004701000 
0.00004861000 
0.00005064000 
0.00005264000 
0.00005463000 
0.00005659000 
0.00005854000 
0.00006046000 
0.00006237000 
0.00006426000 
0.00006612000 
0.00006797000 
0.00006979000 
0.00007160000 
0.00007338000 
0.00007515000 
0.00007690000 
0.00007862000 
0.00008033000 
0.00008201000 
0.00008368000 
0.00008533000 
0.00008695000 
0.00008856000 
0.00009015000 
0.00009171000 
0.00009326000 
0.00009479000 
0.00009629000 
0.00009778000 
0.00009924000 
0.00010070000 
0.00010212000 
0.00010352000 
0.00010492000 
0.00010628000 
0.00010763000 
0.00010895000 
0.00011026000 
0.00011155000 
0.00011282000 
0.00011406000 
0.00011530000 
0.00011650000 
0.00011768000 
0.00011886000 
0.00012000000 
0.00012113000 
0.00012224000 
0.00012332000 
0.00012440000 
0.00012544000 
0.00012647000 
0.00012748000 
0.00012846000 
0.00012944000 
0.00013038000 
0.00013131000 
0.00013222000 
0.00013310000 
0.00013398000 
0.00013482000 
0.00013566000 
0.00013646000 
0.00013725000 
0.00013802000 
0.00013877000 
0.00013949000 
0.00014021000 
0.00014089000 
0.00014157000 
0.00014221000 
0.00014284000 
0.00014345000 
0.00014404000 
0.00014461000 
0.00014516000 
0.00014569000 
0.00014620000 
0.00014669000 
0.00014715000 
0.00014761000 
0.00014804000 
0.00014844000 
0.00014884000 
0.00014921000 
0.00014955000 
0.00014989000 
0.00015019000 
0.00015049000 
0.00015076000 
0.00015100000 
0.00015124000 
0.00015145000 
0.00015163000 
0.00015181000 
0.00015196000 
0.00015209000 
0.00015220000 
0.00015229000 
0.00015236000 
0.00015241000 
0.00015244000 
0.00015246000 
0.00015244000 
0.00015242000 
0.00015236000 
0.00015230000 
0.00015221000 
0.00015210000 
0.00015197000 
0.00015182000 
0.00015166000 
0.00015146000 
0.00015126000 
0.00015103000 
0.00015078000 
0.00015051000 
0.00015022000 
0.00014992000 
0.00014958000 
0.00014924000 
0.00014887000 
0.00014849000 
0.00014807000 
0.00014765000 
0.00014721000 
0.00014678000 
0.00014636000 
0.00014593000 
0.00014552000 
0.00014510000 
0.00014470000 
0.00014429000 
0.00014389000 
0.00014350000 
0.00014310000 
0.00014273000 
0.00014234000 
0.00014196000 
0.00014159000 
0.00014123000 
0.00014086000 
0.00014051000 
0.00014015000 
0.00013980000 
0.00013946000 
0.00013912000 
0.00013878000 
0.00013845000 
0.00013813000 
0.00013780000 
0.00013749000 
0.00013717000 
0.00013687000 
0.00013656000 
0.00013627000 
0.00013596000 
0.00013568000 
0.00013540000 
0.00013511000 
0.00013484000 
0.00013457000 
0.00013430000 
0.00013403000 
0.00013378000 
0.00013353000 
0.00013327000 
0.00013303000 
0.00013280000 
0.00013255000 
0.00013233000 
0.00013210000 
0.00013188000 
0.00013166000 
0.00013146000 
0.00013124000 
0.00013104000 
0.00013084000 
0.00013064000 
0.00013046000 
0.00013027000 
0.00013009000 
0.00012992000 
0.00012974000 
0.00012958000 
0.00012942000 
0.00012925000 
0.00012911000 
0.00012895000 
0.00012881000 
0.00012868000 
0.00012853000 
0.00012841000 
0.00012828000 
0.00012816000 
0.00012804000 
0.00012794000 
0.00012782000 
0.00012772000 
0.00012762000 
0.00012753000 
0.00012744000 
0.00012735000 
0.00012728000 
0.00012719000 
0.00012713000 
0.00012706000 
0.00012700000 
0.00012694000 
0.00012689000 
0.00012684000 
0.00012679000 
0.00012676000 
0.00012672000 
0.00012670000 
0.00012666000 
0.00012665000 
0.00012663000 
0.00012661000 
0.00012661000 
0.00012661000 
0.00012661000 
0.00012661000 
0.00012663000 
0.00012664000 
0.00012666000 
0.00012669000 
0.00012671000 
0.00012675000 
0.00012679000 
0.00012683000 
0.00012687000 
0.00012693000 
0.00012699000 
0.00012704000 
0.00012711000 
0.00012719000 
0.00012725000 
0.00012734000 
0.00012741000 
0.00012751000 
0.00012760000 
0.00012770000 
0.00012780000 
0.00012791000 
0.00012802000 
0.00012813000 
0.00012825000 
0.00012838000 
0.00012903000 
0.00012915000 