1
1.000058006
1.000127783
1.000208519
1.00029939
1.000399567
1.000508226
1.000624541
1.000747719
1.000877087
1.001012003
1.001151822
1.001295901
1.001443595
1.001594258
1.001747248
1.001901917
1.00205762
1.00221371
1.00236954
1.002524464
1.002677845
1.002829393
1.002979259
1.003127617
1.003274641
1.003420509
1.003565396
1.003709477
1.003852929
1.003995928
1.004138649
1.004281269
1.004423964
1.004566912
1.004710288
1.004854268
1.004999031
1.005144751
1.005291608
1.005439777
1.005589436
1.00574073
1.0058936
1.006047902
1.00620349
1.00636022
1.006517946
1.006676522
1.006835806
1.00699565
1.007155909
1.007316438
1.007477092
1.007637724
1.007798189
1.007958341
1.008118034
1.008277123
1.00843546
1.0085929
1.008749296
1.008904503
1.009058448
1.009211197
1.009362837
1.00951345
1.009663121
1.009811934
1.009959975
1.010107327
1.010254076
1.010400301
1.010546092
1.01069153
1.010836706
1.010981701
1.011126605
1.01127149
1.011416446
1.011561564
1.011706926
1.011852612
1.011998714
1.012145242
1.012292196
1.012439556
1.012587312
1.012735464
1.012883982
1.013032867
1.013182098
1.013331675
1.013481578
1.013631797
1.013782312
1.013933124
1.014084211
1.014235564
1.014387173
1.014539028
1.014691119
1.014843425
1.014995937
1.015148645
1.015301497
1.015454464
1.015607494
1.015760548
1.015913594
1.016066582
1.01621946
1.016372199
1.016524758
1.016677096
1.016829161
1.016980914
1.017132313
1.017283328
1.017433897
1.01758399
1.017733565
1.017882572
1.01803098
1.018178738
1.018325855
1.018472362
1.018618299
1.018763717
1.018908657
1.019053148
1.019197242
1.01934098
1.019484391
1.019627536
1.019770447
1.019913153
1.020055717
1.020198167
1.020340556
1.020482914
1.020625281
1.020767709
1.020910238
1.0210529
1.021195735
1.021338753
1.021481945
1.021625289
1.021768797
1.021912447
1.02205624
1.022200166
1.022344225
1.022488396
1.022632669
1.022777054
1.022921532
1.023066091
1.023210742
1.023355455
1.023500239
1.023645085
1.023789972
1.02393491
1.024079868
1.024224858
1.024369826
1.024514744
1.02465958
1.024804292
1.024948851
1.025093225
1.025237374
1.025381266
1.02552487
1.025668146
1.025811052
1.025953578
1.026095662
1.026237293
1.026378421
1.026519014
1.02665903
1.02679845
1.026937241
1.027075363
1.027212898
1.027349978
1.027486727
1.027623269
1.027759736
1.027896263
1.028032972
1.028169976
1.028307431
1.028445439
1.028584155
1.028723682
1.028864153
1.029005714
1.029148478
1.029292569
1.029438131
1.02958528
1.029734148
1.029884871
1.030037418
1.030191431
1.030346445
1.03050206
1.030657811
1.030813287
1.030968045
1.03112166
1.031273679
1.031423678
1.031571224
1.031715881
1.031857205
1.031994771
1.032128134
1.032256859
1.03238052
1.032498672
1.03261087
1.032716697
1.032815729
1.032908026
1.032994029
1.033074172
1.033148907
1.033218668
1.033283918
1.033345079
1.033402597
1.033456935
1.033508526
1.033557815
1.033605247
1.033651264
1.033696321
1.033740854
1.033785306
1.033830132
1.033875776
1.033922674
1.03397128
1.034021542
1.034073907
1.034128342
1.034184838
1.034243364
1.03430391
1.034366446
1.034430962
1.034497436
1.03456584
1.034636161
1.034708371
1.034782459
1.034858394
1.034936167
1.035015756
1.035097132
1.035180285
1.035265184
1.035351818
1.035440169
1.035530204
1.035621915
1.03571528
1.03581027
1.035906874
1.036005072
1.036104834
1.036206149
1.036308988
1.036413349
1.036519193
1.036626499
1.036735268
1.036845458
1.036957059
1.037070042
1.037184396
1.0373001
1.037417135
1.037535469
1.037655104
1.037775998
1.037898131
1.038021503
1.038146073
1.038271831
1.038398757
1.03852682
1.038656021
1.038786318
1.038917702
1.039050152
1.039183636
1.039318157
1.039453672
1.039590172
1.039727636
1.039866033
1.040005363
1.040145586
1.040286702
1.040428669
1.040571478
1.040715107
1.040859537
1.041004737
1.041150706
1.041297405
1.041444831
1.041592946
1.041741738
1.041891186
1.042041271
1.042191971
1.042343267
1.042495137
1.042647561
1.042800518
1.042953978
1.043107939
1.043262373
1.043417246
1.04357256
1.043728283
1.043884384
1.044040864
1.04419768
1.044354833
1.044512292
1.044670025
1.044828033
1.044986284
1.045144747
1.045303423
1.045462279
1.045621296
1.045780451
1.045939725
1.046099097
1.046258545
1.046418049
1.046577598
1.04673715
1.046896706
1.047056223
1.047215702
1.047375111
1.047534429
1.047693635
1.047852708
1.048011637
1.048170381
1.048328939
1.04848728
1.048645383
1.048803227
1.04896079
1.049118062
1.049275001
1.049431606
1.049587847
1.049743711
1.049899158
1.050054188
1.050208777
1.050362938
1.050516681
1.050669994
1.050822898
1.050975384
1.051127471
1.051279149
1.051430429
1.05158132
1.051731812
1.051881936
1.052031672
1.052181029
1.052330018
1.052478649
1.052626911
1.052774826
1.052922383
1.053069592
1.053216463
1.053362997
1.053509193
1.053655061
1.053800612
1.053945836
1.054090753
1.054235353
1.054379656
1.054523652
1.054667361
1.054810764
1.05495389
1.055096741
1.055239304
1.055381602
1.055523635
1.055665401
1.055806901
1.055948157
1.056089167
1.056229921
1.056370441
1.056510736
1.056650786
1.056790622
1.056930233
1.05706963
1.057208813
1.057347803
1.057486578
1.05762516
1.057763549
1.057901744
1.058039767
1.058177607
1.058315274
1.05845278
1.058590112
1.058727293
1.058864323
1.05900119
1.059137926
1.059274511
1.059410965
1.059547298
1.059683491
1.059819574
1.059955536
1.060091389
1.060227131
1.060362785
1.06049833
1.060633785
1.060769152
1.06090444
1.061039651
1.061174783
1.061309858
1.061444854
1.061579804
1.061714697
1.061849544
1.061984343
1.062119107
1.062253835
1.062388526
1.062523203
1.062657855
1.062792502
1.062927124
1.063061752
1.063196376
1.063330996
1.063465633
1.063600287
1.063734958
1.063869646
1.064004372
1.064139126
1.064273919
1.06440876
1.06454364
1.064678579
1.064813578
1.064948637
1.065083756
1.065218955
1.065354236
1.065489587
1.06562503
1.065760576
1.065896203
1.066031942
1.066167774
1.06630373
1.066439799
1.066575992
1.066712309
1.066848761
1.066985348
1.067122069
1.067258936
1.06739596
1.067533695
1.067671576